1254
1290
1379
1346
1535
1555
1655
1651
1500
1538
1486
1394
1409
1387
1543
1502
1693
1616
1841
1787
1631
1649
1586
1400
1497
1463
1648
1595
1777
1824
1994
1835
1787
1699
1633
1645
1597
1577
1709
1756
1936
2052
2105
2016
1914
1925
1824
1765
1721
1752
1914
1857
2159
2195
2287
2276
2096
2055
2004
1924
1851
1839
2019
1937
2270
2251
2382
2364
2129
2110
2072
1980
1995
1932
2171
2162
2489
2424
2641
2630
2324
2412
2284
2186
2184
2144
2379
2383
2717
2774
3051
2891
2613
2600
2493
2410
2390
2463
2616
2734
2970
3125
3342
3207
2964
2919
2764
2732